GOROOT=/usr/local/go #gosetup
GOPATH=/home/jake/go #gosetup
/usr/local/go/bin/go build -o /home/jake/.cache/JetBrains/GoLand2023.2/tmp/GoLand/___6go_build_test test #gosetup
/home/jake/.cache/JetBrains/GoLand2023.2/tmp/GoLand/___6go_build_test
2023/11/28 19:33:41 okb init start
2023/11/28 19:33:41 okb init end
2023/11/28 19:33:41 xorm init start
[xorm] [info]  2023/11/28 19:33:41.336412 PING DATABASE mysql
2023/11/28 19:33:41 xorm init end
block height= 25770333
res= &{25770333 [log:"[{\"msg_index\":0,\"log\":\"\",\"events\":[{\"type\":\"message\",\"attributes\":[{\"key\":\"action\",\"value\":\"send\"},{\"key\":\"sender\",\"value\":\"ex1rp7fjqtswsfjac4karreqnphxjgk8kckzueq9k\"},{\"key\":\"module\",\"value\":\"token\"}]},{\"type\":\"transfer\",\"attributes\":[{\"key\":\"recipient\",\"value\":\"ex1rp7fjqtswsfjac4karreqnphxjgk8kckzueq9k\"},{\"key\":\"sender\",\"value\":\"ex1rp7fjqtswsfjac4karreqnphxjgk8kckzueq9k\"},{\"key\":\"amount\",\"value\":\"1.234500000000000000okt\"}]}]}]" gas_wanted:129704 gas_used:83258 events:<type:"message" attributes:<key:"action" value:"send" > > events:<type:"transfer" attributes:<key:"recipient" value:"ex1rp7fjqtswsfjac4karreqnphxjgk8kckzueq9k" > attributes:<key:"sender" value:"ex1rp7fjqtswsfjac4karreqnphxjgk8kckzueq9k" > attributes:<key:"amount" value:"1.234500000000000000okt" > > events:<type:"message" attributes:<key:"sender" value:"ex1rp7fjqtswsfjac4karreqnphxjgk8kckzueq9k" > > events:<type:"message" attributes:<key:"module" value:"token" > > ] [{transfer [{[114 101 99 105 112 105 101 110 116] [101 120 49 55 120 112 102 118 97 107 109 50 97 109 103 57 54 50 121 108 115 54 102 56 52 122 51 107 101 108 108 56 99 53 108 99 115 52 57 122 50] {} [] 0} {[115 101 110 100 101 114] [101 120 49 109 51 104 51 48 119 108 118 115 102 56 108 108 114 117 120 116 112 117 107 100 118 115 121 48 107 109 50 107 117 109 56 113 99 51 97 119 104] {} [] 0} {[97 109 111 117 110 116] [48 46 48 54 50 53 48 48 48 48 48 48 48 48 48 48 48 48 48 48 111 107 116] {} [] 0}] {} [] 0} {message [{[115 101 110 100 101 114] [101 120 49 109 51 104 51 48 119 108 118 115 102 56 108 108 114 117 120 116 112 117 107 100 118 115 121 48 107 109 50 107 117 109 56 113 99 51 97 119 104] {} [] 0}] {} [] 0} {transfer [{[114 101 99 105 112 105 101 110 116] [101 120 49 117 48 100 99 100 109 107 113 107 53 112 99 50 50 112 102 50 102 107 117 51 110 48 117 112 56 121 55 121 51 120 102 107 121 122 104 55 119] {} [] 0} {[115 101 110 100 101 114] [101 120 49 109 51 104 51 48 119 108 118 115 102 56 108 108 114 117 120 116 112 117 107 100 118 115 121 48 107 109 50 107 117 109 56 113 99 51 97 119 104] {} [] 0} {[97 109 111 117 110 116] [48 46 48 54 50 53 48 48 48 48 48 48 48 48 48 48 48 48 48 48 111 107 116] {} [] 0}] {} [] 0} {message [{[115 101 110 100 101 114] [101 120 49 109 51 104 51 48 119 108 118 115 102 56 108 108 114 117 120 116 112 117 107 100 118 115 121 48 107 109 50 107 117 109 56 113 99 51 97 119 104] {} [] 0}] {} [] 0} {mint [{[105 110 102 108 97 116 105 111 110] [48 46 53 48 48 48 48 48 48 48 48 48 48 48 48 48 48 48 48 48] {} [] 0} {[97 109 111 117 110 116] [48 46 49 50 53 48 48 48 48 48 48 48 48 48 48 48 48 48 48 48 111 107 116] {} [] 0}] {} [] 0} {transfer [{[114 101 99 105 112 105 101 110 116] [101 120 49 106 118 54 53 115 51 103 114 113 102 54 118 54 106 108 51 100 112 52 116 54 99 57 116 57 114 107 57 57 99 100 56 48 107 106 101 113 103] {} [] 0} {[115 101 110 100 101 114] [101 120 49 55 120 112 102 118 97 107 109 50 97 109 103 57 54 50 121 108 115 54 102 56 52 122 51 107 101 108 108 56 99 53 108 99 115 52 57 122 50] {} [] 0} {[97 109 111 117 110 116] [48 46 48 54 50 53 48 50 49 48 48 48 48 48 48 48 48 48 48 48 111 107 116] {} [] 0}] {} [] 0} {message [{[115 101 110 100 101 114] [101 120 49 55 120 112 102 118 97 107 109 50 97 109 103 57 54 50 121 108 115 54 102 56 52 122 51 107 101 108 108 56 99 53 108 99 115 52 57 122 50] {} [] 0}] {} [] 0} {commission [{[97 109 111 117 110 116] [48 46 48 48 48 52 48 50 57 55 52 48 54 53 55 56 57 52 55 52 111 107 116] {} [] 0} {[118 97 108 105 100 97 116 111 114] [101 120 118 97 108 111 112 101 114 49 113 53 50 107 117 115 51 120 118 117 104 120 108 104 106 108 106 108 121 116 54 117 54 97 104 102 110 117 122 122 108 100 52 103 56 107 52 54] {} [] 0}] {} [] 0} {rewards [{[97 109 111 117 110 116] [48 46 48 48 48 56 48 53 57 52 56 49 51 49 53 55 56 57 52 55 111 107 116] {} [] 0} {[118 97 108 105 100 97 116 111 114] [101 120 118 97 108 111 112 101 114 49 113 53 50 107 117 115 51 120 118 117 104 120 108 104 106 108 106 108 121 116 54 117 54 97 104 102 110 117 122 122 108 100 52 103 56 107 52 54] {} [] 0}] {} [] 0} {commission [{[97 109 111 117 110 116] [] {} [] 0} {[118 97 108 105 100 97 116 111 114] [101 120 118 97 108 111 112 101 114 49 113 114 117 103 104 51 107 100 104 102 122 50 97 52 99 106 120 55 97 104 117 107 54 112 107 99 55 121 121 51 112 114 121 118 50 106 118 119] {} [] 0}] {} [] 0} {rewards [{[97 109 111 117 110 116] [48 46 48 48 48 56 48 53 57 52 56 49 51 49 53 55 56 57 52 55 111 107 116] {} [] 0} {[118 97 108 105 100 97 116 111 114] [101 120 118 97 108 111 112 101 114 49 113 114 117 103 104 51 107 100 104 102 122 50 97 52 99 106 120 55 97 104 117 107 54 112 107 99 55 121 121 51 112 114 121 118 50 106 118 119] {} [] 0}] {} [] 0} {commission [{[97 109 111 117 110 116] [48 46 48 48 48 52 48 50 57 55 52 48 54 53 55 56 57 52 55 52 111 107 116] {} [] 0} {[118 97 108 105 100 97 116 111 114] [101 120 118 97 108 111 112 101 114 49 102 56 104 56 115 97 114 104 55 109 120 52 116 122 53 102 114 54 102 122 48 100 120 109 48 55 106 101 57 55 112 53 102 108 120 110 121 120] {} [] 0}] {} [] 0} {rewards [{[97 109 111 117 110 116] [48 46 48 48 48 56 48 53 57 52 56 49 51 49 53 55 56 57 52 55 111 107 116] {} [] 0} {[118 97 108 105 100 97 116 111 114] [101 120 118 97 108 111 112 101 114 49 102 56 104 56 115 97 114 104 55 109 120 52 116 122 53 102 114 54 102 122 48 100 120 109 48 55 106 101 57 55 112 53 102 108 120 110 121 120] {} [] 0}] {} [] 0} {commission [{[97 109 111 117 110 116] [48 46 48 48 48 52 48 50 57 55 52 48 54 53 55 56 57 52 55 52 111 107 116] {} [] 0} {[118 97 108 105 100 97 116 111 114] [101 120 118 97 108 111 112 101 114 49 116 48 109 102 104 57 97 51 52 115 114 104 117 117 56 52 117 100 101 117 108 101 51 118 100 48 103 116 54 108 55 104 113 114 116 100 57 109] {} [] 0}] {} [] 0} {rewards [{[97 109 111 117 110 116] [48 46 48 48 48 56 48 53 57 52 56 49 51 49 53 55 56 57 52 55 111 107 116] {} [] 0} {[118 97 108 105 100 97 116 111 114] [101 120 118 97 108 111 112 101 114 49 116 48 109 102 104 57 97 51 52 115 114 104 117 117 56 52 117 100 101 117 108 101 51 118 100 48 103 116 54 108 55 104 113 114 116 100 57 109] {} [] 0}] {} [] 0} {commission [{[97 109 111 117 110 116] [48 46 48 48 48 56 48 53 57 52 56 49 51 49 53 55 56 57 52 55 111 107 116] {} [] 0} {[118 97 108 105 100 97 116 111 114] [101 120 118 97 108 111 112 101 114 49 57 116 101 56 121 106 52 53 48 106 104 122 99 110 97 109 112 101 109 50 101 102 103 48 57 56 50 104 100 117 116 52 119 122 110 112 113 55] {} [] 0}] {} [] 0} {rewards [{[97 109 111 117 110 116] [48 46 48 48 48 56 48 53 57 52 56 49 51 49 53 55 56 57 52 55 111 107 116] {} [] 0} {[118 97 108 105 100 97 116 111 114] [101 120 118 97 108 111 112 101 114 49 57 116 101 56 121 106 52 53 48 106 104 122 99 110 97 109 112 101 109 50 101 102 103 48 57 56 50 104 100 117 116 52 119 122 110 112 113 55] {} [] 0}] {} [] 0} {commission [{[97 109 111 117 110 116] [48 46 48 48 48 56 48 53 57 52 56 49 51 49 53 55 56 57 52 55 111 107 116] {} [] 0} {[118 97 108 105 100 97 116 111 114] [101 120 118 97 108 111 112 101 114 49 102 57 108 53 116 54 102 99 106 109 116 106 114 119 115 109 48 51 107 109 103 54 102 119 109 114 57 53 113 108 97 115 116 57 108 57 100 119] {} [] 0}] {} [] 0} {rewards [{[97 109 111 117 110 116] [48 46 48 48 48 56 48 53 57 52 56 49 51 49 53 55 56 57 52 55 111 107 116] {} [] 0} {[118 97 108 105 100 97 116 111 114] [101 120 118 97 108 111 112 101 114 49 102 57 108 53 116 54 102 99 106 109 116 106 114 119 115 109 48 51 107 109 103 54 102 119 109 114 57 53 113 108 97 115 116 57 108 57 100 119] {} [] 0}] {} [] 0} {commission [{[97 109 111 117 110 116] [48 46 48 48 48 56 48 53 57 52 56 49 51 49 53 55 56 57 52 55 111 107 116] {} [] 0} {[118 97 108 105 100 97 116 111 114] [101 120 118 97 108 111 112 101 114 49 48 109 109 48 120 56 102 103 100 99 118 113 102 50 54 108 120 52 54 102 103 57 113 114 53 108 108 119 119 99 56 119 97 107 55 103 118 108] {} [] 0}] {} [] 0} {rewards [{[97 109 111 117 110 116] [48 46 48 48 48 56 48 53 57 52 56 49 51 49 53 55 56 57 52 55 111 107 116] {} [] 0} {[118 97 108 105 100 97 116 111 114] [101 120 118 97 108 111 112 101 114 49 48 109 109 48 120 56 102 103 100 99 118 113 102 50 54 108 120 52 54 102 103 57 113 114 53 108 108 119 119 99 56 119 97 107 55 103 118 108] {} [] 0}] {} [] 0} {commission [{[97 109 111 117 110 116] [48 46 48 48 48 56 48 53 57 52 56 49 51 49 53 55 56 57 52 55 111 107 116] {} [] 0} {[118 97 108 105 100 97 116 111 114] [101 120 118 97 108 111 112 101 114 49 51 117 108 113 103 107 52 57 109 99 52 122 114 116 117 52 104 55 104 110 55 121 112 51 108 113 99 50 104 103 99 112 115 52 53 56 101 53] {} [] 0}] {} [] 0} {rewards [{[97 109 111 117 110 116] [48 46 48 48 48 56 48 53 57 52 56 49 51 49 53 55 56 57 52 55 111 107 116] {} [] 0} {[118 97 108 105 100 97 116 111 114] [101 120 118 97 108 111 112 101 114 49 51 117 108 113 103 107 52 57 109 99 52 122 114 116 117 52 104 55 104 110 55 121 112 51 108 113 99 50 104 103 99 112 115 52 53 56 101 53] {} [] 0}] {} [] 0} {commission [{[97 109 111 117 110 116] [48 46 48 48 48 56 48 53 57 52 56 49 51 49 53 55 56 57 52 55 111 107 116] {} [] 0} {[118 97 108 105 100 97 116 111 114] [101 120 118 97 108 111 112 101 114 49 54 120 122 118 54 110 52 104 56 109 51 50 120 115 119 48 53 114 122 110 115 107 107 120 120 108 112 51 121 56 108 115 107 97 113 102 108 57] {} [] 0}] {} [] 0} {rewards [{[97 109 111 117 110 116] [48 46 48 48 48 56 48 53 57 52 56 49 51 49 53 55 56 57 52 55 111 107 116] {} [] 0} {[118 97 108 105 100 97 116 111 114] [101 120 118 97 108 111 112 101 114 49 54 120 122 118 54 110 52 104 56 109 51 50 120 115 119 48 53 114 122 110 115 107 107 120 120 108 112 51 121 56 108 115 107 97 113 102 108 57] {} [] 0}] {} [] 0} {commission [{[97 109 111 117 110 116] [48 46 48 48 48 56 48 53 57 52 56 49 51 49 53 55 56 57 52 55 111 107 116] {} [] 0} {[118 97 108 105 100 97 116 111 114] [101 120 118 97 108 111 112 101 114 49 53 121 51 55 110 100 117 122 97 110 110 112 117 113 50 113 100 108 97 54 117 50 53 97 55 107 55 117 121 52 103 110 121 55 97 112 53 57] {} [] 0}] {} [] 0} {rewards [{[97 109 111 117 110 116] [48 46 48 48 48 56 48 53 57 52 56 49 51 49 53 55 56 57 52 55 111 107 116] {} [] 0} {[118 97 108 105 100 97 116 111 114] [101 120 118 97 108 111 112 101 114 49 53 121 51 55 110 100 117 122 97 110 110 112 117 113 50 113 100 108 97 54 117 50 53 97 55 107 55 117 121 52 103 110 121 55 97 112 53 57] {} [] 0}] {} [] 0} {commission [{[97 109 111 117 110 116] [48 46 48 48 48 56 48 53 57 52 56 49 51 49 53 55 56 57 52 55 111 107 116] {} [] 0} {[118 97 108 105 100 97 116 111 114] [101 120 118 97 108 111 112 101 114 49 107 99 120 120 115 101 52 104 100 110 50 54 115 101 100 113 57 102 54 116 53 52 101 107 109 99 108 120 101 101 101 57 57 112 108 104 101 53] {} [] 0}] {} [] 0} {rewards [{[97 109 111 117 110 116] [48 46 48 48 48 56 48 53 57 52 56 49 51 49 53 55 56 57 52 55 111 107 116] {} [] 0} {[118 97 108 105 100 97 116 111 114] [101 120 118 97 108 111 112 101 114 49 107 99 120 120 115 101 52 104 100 110 50 54 115 101 100 113 57 102 54 116 53 52 101 107 109 99 108 120 101 101 101 57 57 112 108 104 101 53] {} [] 0}] {} [] 0} {commission [{[97 109 111 117 110 116] [48 46 48 48 48 56 48 53 57 52 56 49 51 49 53 55 56 57 52 55 111 107 116] {} [] 0} {[118 97 108 105 100 97 116 111 114] [101 120 118 97 108 111 112 101 114 49 53 101 116 119 106 104 117 110 56 51 118 110 56 99 120 110 102 107 53 110 101 113 97 101 48 57 101 112 56 55 55 97 122 108 53 56 120 122] {} [] 0}] {} [] 0} {rewards [{[97 109 111 117 110 116] [48 46 48 48 48 56 48 53 57 52 56 49 51 49 53 55 56 57 52 55 111 107 116] {} [] 0} {[118 97 108 105 100 97 116 111 114] [101 120 118 97 108 111 112 101 114 49 53 101 116 119 106 104 117 110 56 51 118 110 56 99 120 110 102 107 53 110 101 113 97 101 48 57 101 112 56 55 55 97 122 108 53 56 120 122] {} [] 0}] {} [] 0} {commission [{[97 109 111 117 110 116] [48 46 48 48 48 56 48 53 57 52 56 49 51 49 53 55 56 57 52 55 111 107 116] {} [] 0} {[118 97 108 105 100 97 116 111 114] [101 120 118 97 108 111 112 101 114 49 119 109 118 101 108 120 50 104 101 52 121 114 54 118 51 52 103 101 113 118 48 106 54 48 101 106 100 48 56 54 100 53 48 114 113 121 119 112] {} [] 0}] {} [] 0} {rewards [{[97 109 111 117 110 116] [48 46 48 48 48 56 48 53 57 52 56 49 51 49 53 55 56 57 52 55 111 107 116] {} [] 0} {[118 97 108 105 100 97 116 111 114] [101 120 118 97 108 111 112 101 114 49 119 109 118 101 108 120 50 104 101 52 121 114 54 118 51 52 103 101 113 118 48 106 54 48 101 106 100 48 56 54 100 53 48 114 113 121 119 112] {} [] 0}] {} [] 0} {commission [{[97 109 111 117 110 116] [48 46 48 48 48 52 48 50 57 55 52 48 54 53 55 56 57 52 55 52 111 107 116] {} [] 0} {[118 97 108 105 100 97 116 111 114] [101 120 118 97 108 111 112 101 114 49 108 48 117 107 112 114 108 120 97 56 97 55 117 104 48 54 106 119 107 121 118 99 50 56 112 54 113 122 51 113 110 100 55 56 115 108 121 107] {} [] 0}] {} [] 0} {rewards [{[97 109 111 117 110 116] [48 46 48 48 48 56 48 53 57 52 56 49 51 49 53 55 56 57 52 55 111 107 116] {} [] 0} {[118 97 108 105 100 97 116 111 114] [101 120 118 97 108 111 112 101 114 49 108 48 117 107 112 114 108 120 97 56 97 55 117 104 48 54 106 119 107 121 118 99 50 56 112 54 113 122 51 113 110 100 55 56 115 108 121 107] {} [] 0}] {} [] 0} {commission [{[97 109 111 117 110 116] [48 46 48 48 48 56 48 53 57 52 56 49 51 49 53 55 56 57 52 55 111 107 116] {} [] 0} {[118 97 108 105 100 97 116 111 114] [101 120 118 97 108 111 112 101 114 49 97 103 99 50 99 118 48 113 113 118 101 117 99 102 53 108 117 120 113 104 112 113 120 120 114 57 50 99 119 106 113 106 120 103 114 110 115 54] {} [] 0}] {} [] 0} {rewards [{[97 109 111 117 110 116] [48 46 48 48 48 56 48 53 57 52 56 49 51 49 53 55 56 57 52 55 111 107 116] {} [] 0} {[118 97 108 105 100 97 116 111 114] [101 120 118 97 108 111 112 101 114 49 97 103 99 50 99 118 48 113 113 118 101 117 99 102 53 108 117 120 113 104 112 113 120 120 114 57 50 99 119 106 113 106 120 103 114 110 115 54] {} [] 0}] {} [] 0} {commission [{[97 109 111 117 110 116] [48 46 48 48 48 56 48 53 57 52 56 49 51 49 53 55 56 57 52 55 111 107 116] {} [] 0} {[118 97 108 105 100 97 116 111 114] [101 120 118 97 108 111 112 101 114 49 117 103 113 48 54 115 101 56 101 106 113 54 107 116 99 48 56 53 119 107 54 117 102 104 52 116 110 112 104 97 119 112 115 48 55 101 113 115] {} [] 0}] {} [] 0} {rewards [{[97 109 111 117 110 116] [48 46 48 48 48 56 48 53 57 52 56 49 51 49 53 55 56 57 52 55 111 107 116] {} [] 0} {[118 97 108 105 100 97 116 111 114] [101 120 118 97 108 111 112 101 114 49 117 103 113 48 54 115 101 56 101 106 113 54 107 116 99 48 56 53 119 107 54 117 102 104 52 116 110 112 104 97 119 112 115 48 55 101 113 115] {} [] 0}] {} [] 0} {commission [{[97 109 111 117 110 116] [48 46 48 48 48 56 48 53 57 52 56 49 51 49 53 55 56 57 52 55 111 107 116] {} [] 0} {[118 97 108 105 100 97 116 111 114] [101 120 118 97 108 111 112 101 114 49 55 119 101 114 52 52 112 112 107 57 109 103 56 99 50 99 106 99 119 108 101 119 116 117 54 122 48 118 57 56 100 107 114 52 97 54 100 119] {} [] 0}] {} [] 0} {rewards [{[97 109 111 117 110 116] [48 46 48 48 48 56 48 53 57 52 56 49 51 49 53 55 56 57 52 55 111 107 116] {} [] 0} {[118 97 108 105 100 97 116 111 114] [101 120 118 97 108 111 112 101 114 49 55 119 101 114 52 52 112 112 107 57 109 103 56 99 50 99 106 99 119 108 101 119 116 117 54 122 48 118 57 56 100 107 114 52 97 54 100 119] {} [] 0}] {} [] 0} {commission [{[97 109 111 117 110 116] [48 46 48 48 48 56 48 53 57 52 56 49 51 49 53 55 56 57 52 55 111 107 116] {} [] 0} {[118 97 108 105 100 97 116 111 114] [101 120 118 97 108 111 112 101 114 49 117 116 116 116 120 52 50 109 51 48 117 102 110 108 52 53 107 114 122 104 121 118 103 103 107 54 100 57 97 100 113 116 50 122 116 112 120 108] {} [] 0}] {} [] 0} {rewards [{[97 109 111 117 110 116] [48 46 48 48 48 56 48 53 57 52 56 49 51 49 53 55 56 57 52 55 111 107 116] {} [] 0} {[118 97 108 105 100 97 116 111 114] [101 120 118 97 108 111 112 101 114 49 117 116 116 116 120 52 50 109 51 48 117 102 110 108 52 53 107 114 122 104 121 118 103 103 107 54 100 57 97 100 113 116 50 122 116 112 120 108] {} [] 0}] {} [] 0} {commission [{[97 109 111 117 110 116] [48 46 48 48 48 56 48 53 57 52 56 49 51 49 53 55 56 57 52 55 111 107 116] {} [] 0} {[118 97 108 105 100 97 116 111 114] [101 120 118 97 108 111 112 101 114 49 109 113 120 116 50 53 104 48 103 100 56 116 114 115 104 52 56 113 97 55 54 113 113 115 55 52 104 117 101 106 100 103 48 107 109 113 104 120] {} [] 0}] {} [] 0} {rewards [{[97 109 111 117 110 116] [48 46 48 48 48 56 48 53 57 52 56 49 51 49 53 55 56 57 52 55 111 107 116] {} [] 0} {[118 97 108 105 100 97 116 111 114] [101 120 118 97 108 111 112 101 114 49 109 113 120 116 50 53 104 48 103 100 56 116 114 115 104 52 56 113 97 55 54 113 113 115 55 52 104 117 101 106 100 103 48 107 109 113 104 120] {} [] 0}] {} [] 0} {commission [{[97 109 111 117 110 116] [] {} [] 0} {[118 97 108 105 100 97 116 111 114] [101 120 118 97 108 111 112 101 114 49 113 114 117 103 104 51 107 100 104 102 122 50 97 52 99 106 120 55 97 104 117 107 54 112 107 99 55 121 121 51 112 114 121 118 50 106 118 119] {} [] 0}] {} [] 0} {rewards [{[97 109 111 117 110 116] [48 46 48 48 50 52 50 53 53 55 50 55 57 55 54 57 51 52 50 57 111 107 116] {} [] 0} {[118 97 108 105 100 97 116 111 114] [101 120 118 97 108 111 112 101 114 49 113 114 117 103 104 51 107 100 104 102 122 50 97 52 99 106 120 55 97 104 117 107 54 112 107 99 55 121 121 51 112 114 121 118 50 106 118 119] {} [] 0}] {} [] 0} {commission [{[97 109 111 117 110 116] [48 46 48 48 49 50 49 50 55 56 57 53 48 50 55 55 57 53 49 50 111 107 116] {} [] 0} {[118 97 108 105 100 97 116 111 114] [101 120 118 97 108 111 112 101 114 49 113 53 50 107 117 115 51 120 118 117 104 120 108 104 106 108 106 108 121 116 54 117 54 97 104 102 110 117 122 122 108 100 52 103 56 107 52 54] {} [] 0}] {} [] 0} {rewards [{[97 109 111 117 110 116] [48 46 48 48 50 52 50 53 53 55 57 48 48 53 53 53 57 48 50 53 111 107 116] {} [] 0} {[118 97 108 105 100 97 116 111 114] [101 120 118 97 108 111 112 101 114 49 113 53 50 107 117 115 51 120 118 117 104 120 108 104 106 108 106 108 121 116 54 117 54 97 104 102 110 117 122 122 108 100 52 103 56 107 52 54] {} [] 0}] {} [] 0} {commission [{[97 109 111 117 110 116] [48 46 48 48 50 52 49 55 53 51 49 52 53 52 50 48 56 56 54 49 111 107 116] {} [] 0} {[118 97 108 105 100 97 116 111 114] [101 120 118 97 108 111 112 101 114 49 57 116 101 56 121 106 52 53 48 106 104 122 99 110 97 109 112 101 109 50 101 102 103 48 57 56 50 104 100 117 116 52 119 122 110 112 113 55] {} [] 0}] {} [] 0} {rewards [{[97 109 111 117 110 116] [48 46 48 48 50 52 49 55 53 51 49 52 53 52 50 48 56 56 54 49 111 107 116] {} [] 0} {[118 97 108 105 100 97 116 111 114] [101 120 118 97 108 111 112 101 114 49 57 116 101 56 121 106 52 53 48 106 104 122 99 110 97 109 112 101 109 50 101 102 103 48 57 56 50 104 100 117 116 52 119 122 110 112 113 55] {} [] 0}] {} [] 0} {commission [{[97 109 111 117 110 116] [48 46 48 48 50 52 49 55 52 50 49 57 51 51 50 51 54 54 55 57 111 107 116] {} [] 0} {[118 97 108 105 100 97 116 111 114] [101 120 118 97 108 111 112 101 114 49 102 57 108 53 116 54 102 99 106 109 116 106 114 119 115 109 48 51 107 109 103 54 102 119 109 114 57 53 113 108 97 115 116 57 108 57 100 119] {} [] 0}] {} [] 0} {rewards [{[97 109 111 117 110 116] [48 46 48 48 50 52 49 55 52 50 49 57 51 51 50 51 54 54 55 57 111 107 116] {} [] 0} {[118 97 108 105 100 97 116 111 114] [101 120 118 97 108 111 112 101 114 49 102 57 108 53 116 54 102 99 106 109 116 106 114 119 115 109 48 51 107 109 103 54 102 119 109 114 57 53 113 108 97 115 116 57 108 57 100 119] {} [] 0}] {} [] 0} {commission [{[97 109 111 117 110 116] [48 46 48 48 49 50 49 50 51 52 49 55 54 56 49 55 53 56 57 52 111 107 116] {} [] 0} {[118 97 108 105 100 97 116 111 114] [101 120 118 97 108 111 112 101 114 49 102 56 104 56 115 97 114 104 55 109 120 52 116 122 53 102 114 54 102 122 48 100 120 109 48 55 106 101 57 55 112 53 102 108 120 110 121 120] {} [] 0}] {} [] 0} {rewards [{[97 109 111 117 110 116] [48 46 48 48 50 52 50 52 54 56 51 53 51 54 51 53 49 55 56 57 111 107 116] {} [] 0} {[118 97 108 105 100 97 116 111 114] [101 120 118 97 108 111 112 101 114 49 102 56 104 56 115 97 114 104 55 109 120 52 116 122 53 102 114 54 102 122 48 100 120 109 48 55 106 101 57 55 112 53 102 108 120 110 121 120] {} [] 0}] {} [] 0} {commission [{[97 109 111 117 110 116] [48 46 48 48 49 50 49 48 54 53 52 56 56 48 53 50 56 51 50 54 111 107 116] {} [] 0} {[118 97 108 105 100 97 116 111 114] [101 120 118 97 108 111 112 101 114 49 116 48 109 102 104 57 97 51 52 115 114 104 117 117 56 52 117 100 101 117 108 101 51 118 100 48 103 116 54 108 55 104 113 114 116 100 57 109] {} [] 0}] {} [] 0} {rewards [{[97 109 111 117 110 116] [48 46 48 48 50 52 50 49 51 48 57 55 54 49 48 53 54 54 53 51 111 107 116] {} [] 0} {[118 97 108 105 100 97 116 111 114] [101 120 118 97 108 111 112 101 114 49 116 48 109 102 104 57 97 51 52 115 114 104 117 117 56 52 117 100 101 117 108 101 51 118 100 48 103 116 54 108 55 104 113 114 116 100 57 109] {} [] 0}] {} [] 0} {commission [{[97 109 111 117 110 116] [48 46 48 48 50 52 49 55 52 50 49 57 51 51 49 49 50 52 54 50 111 107 116] {} [] 0} {[118 97 108 105 100 97 116 111 114] [101 120 118 97 108 111 112 101 114 49 119 109 118 101 108 120 50 104 101 52 121 114 54 118 51 52 103 101 113 118 48 106 54 48 101 106 100 48 56 54 100 53 48 114 113 121 119 112] {} [] 0}] {} [] 0} {rewards [{[97 109 111 117 110 116] [48 46 48 48 50 52 49 55 52 50 49 57 51 51 49 49 50 52 54 50 111 107 116] {} [] 0} {[118 97 108 105 100 97 116 111 114] [101 120 118 97 108 111 112 101 114 49 119 109 118 101 108 120 50 104 101 52 121 114 54 118 51 52 103 101 113 118 48 106 54 48 101 106 100 48 56 54 100 53 48 114 113 121 119 112] {} [] 0}] {} [] 0} {commission [{[97 109 111 117 110 116] [48 46 48 48 50 52 49 55 52 50 49 57 51 51 49 49 50 52 54 50 111 107 116] {} [] 0} {[118 97 108 105 100 97 116 111 114] [101 120 118 97 108 111 112 101 114 49 48 109 109 48 120 56 102 103 100 99 118 113 102 50 54 108 120 52 54 102 103 57 113 114 53 108 108 119 119 99 56 119 97 107 55 103 118 108] {} [] 0}] {} [] 0} {rewards [{[97 109 111 117 110 116] [48 46 48 48 50 52 49 55 52 50 49 57 51 51 49 49 50 52 54 50 111 107 116] {} [] 0} {[118 97 108 105 100 97 116 111 114] [101 120 118 97 108 111 112 101 114 49 48 109 109 48 120 56 102 103 100 99 118 113 102 50 54 108 120 52 54 102 103 57 113 114 53 108 108 119 119 99 56 119 97 107 55 103 118 108] {} [] 0}] {} [] 0} {commission [{[97 109 111 117 110 116] [48 46 48 48 50 52 49 55 52 50 49 57 51 51 49 49 50 52 54 50 111 107 116] {} [] 0} {[118 97 108 105 100 97 116 111 114] [101 120 118 97 108 111 112 101 114 49 51 117 108 113 103 107 52 57 109 99 52 122 114 116 117 52 104 55 104 110 55 121 112 51 108 113 99 50 104 103 99 112 115 52 53 56 101 53] {} [] 0}] {} [] 0} {rewards [{[97 109 111 117 110 116] [48 46 48 48 50 52 49 55 52 50 49 57 51 51 49 49 50 52 54 50 111 107 116] {} [] 0} {[118 97 108 105 100 97 116 111 114] [101 120 118 97 108 111 112 101 114 49 51 117 108 113 103 107 52 57 109 99 52 122 114 116 117 52 104 55 104 110 55 121 112 51 108 113 99 50 104 103 99 112 115 52 53 56 101 53] {} [] 0}] {} [] 0} {commission [{[97 109 111 117 110 116] [48 46 48 48 50 52 49 55 52 50 49 57 51 51 49 49 50 52 54 50 111 107 116] {} [] 0} {[118 97 108 105 100 97 116 111 114] [101 120 118 97 108 111 112 101 114 49 53 121 51 55 110 100 117 122 97 110 110 112 117 113 50 113 100 108 97 54 117 50 53 97 55 107 55 117 121 52 103 110 121 55 97 112 53 57] {} [] 0}] {} [] 0} {rewards [{[97 109 111 117 110 116] [48 46 48 48 50 52 49 55 52 50 49 57 51 51 49 49 50 52 54 50 111 107 116] {} [] 0} {[118 97 108 105 100 97 116 111 114] [101 120 118 97 108 111 112 101 114 49 53 121 51 55 110 100 117 122 97 110 110 112 117 113 50 113 100 108 97 54 117 50 53 97 55 107 55 117 121 52 103 110 121 55 97 112 53 57] {} [] 0}] {} [] 0} {commission [{[97 109 111 117 110 116] [48 46 48 48 50 52 49 55 52 50 49 57 51 51 49 49 50 52 54 50 111 107 116] {} [] 0} {[118 97 108 105 100 97 116 111 114] [101 120 118 97 108 111 112 101 114 49 53 101 116 119 106 104 117 110 56 51 118 110 56 99 120 110 102 107 53 110 101 113 97 101 48 57 101 112 56 55 55 97 122 108 53 56 120 122] {} [] 0}] {} [] 0} {rewards [{[97 109 111 117 110 116] [48 46 48 48 50 52 49 55 52 50 49 57 51 51 49 49 50 52 54 50 111 107 116] {} [] 0} {[118 97 108 105 100 97 116 111 114] [101 120 118 97 108 111 112 101 114 49 53 101 116 119 106 104 117 110 56 51 118 110 56 99 120 110 102 107 53 110 101 113 97 101 48 57 101 112 56 55 55 97 122 108 53 56 120 122] {} [] 0}] {} [] 0} {commission [{[97 109 111 117 110 116] [48 46 48 48 50 52 49 55 52 50 49 57 51 51 49 49 50 52 54 50 111 107 116] {} [] 0} {[118 97 108 105 100 97 116 111 114] [101 120 118 97 108 111 112 101 114 49 107 99 120 120 115 101 52 104 100 110 50 54 115 101 100 113 57 102 54 116 53 52 101 107 109 99 108 120 101 101 101 57 57 112 108 104 101 53] {} [] 0}] {} [] 0} {rewards [{[97 109 111 117 110 116] [48 46 48 48 50 52 49 55 52 50 49 57 51 51 49 49 50 52 54 50 111 107 116] {} [] 0} {[118 97 108 105 100 97 116 111 114] [101 120 118 97 108 111 112 101 114 49 107 99 120 120 115 101 52 104 100 110 50 54 115 101 100 113 57 102 54 116 53 52 101 107 109 99 108 120 101 101 101 57 57 112 108 104 101 53] {} [] 0}] {} [] 0} {commission [{[97 109 111 117 110 116] [48 46 48 48 50 52 49 55 52 50 49 57 51 51 49 49 50 52 54 50 111 107 116] {} [] 0} {[118 97 108 105 100 97 116 111 114] [101 120 118 97 108 111 112 101 114 49 54 120 122 118 54 110 52 104 56 109 51 50 120 115 119 48 53 114 122 110 115 107 107 120 120 108 112 51 121 56 108 115 107 97 113 102 108 57] {} [] 0}] {} [] 0} {rewards [{[97 109 111 117 110 116] [48 46 48 48 50 52 49 55 52 50 49 57 51 51 49 49 50 52 54 50 111 107 116] {} [] 0} {[118 97 108 105 100 97 116 111 114] [101 120 118 97 108 111 112 101 114 49 54 120 122 118 54 110 52 104 56 109 51 50 120 115 119 48 53 114 122 110 115 107 107 120 120 108 112 51 121 56 108 115 107 97 113 102 108 57] {} [] 0}] {} [] 0} {commission [{[97 109 111 117 110 116] [48 46 48 48 50 52 49 52 49 54 53 49 48 48 50 49 53 53 57 50 111 107 116] {} [] 0} {[118 97 108 105 100 97 116 111 114] [101 120 118 97 108 111 112 101 114 49 109 113 120 116 50 53 104 48 103 100 56 116 114 115 104 52 56 113 97 55 54 113 113 115 55 52 104 117 101 106 100 103 48 107 109 113 104 120] {} [] 0}] {} [] 0} {rewards [{[97 109 111 117 110 116] [48 46 48 48 50 52 49 52 49 54 53 49 48 48 50 49 53 53 57 50 111 107 116] {} [] 0} {[118 97 108 105 100 97 116 111 114] [101 120 118 97 108 111 112 101 114 49 109 113 120 116 50 53 104 48 103 100 56 116 114 115 104 52 56 113 97 55 54 113 113 115 55 52 104 117 101 106 100 103 48 107 109 113 104 120] {} [] 0}] {} [] 0} {commission [{[97 109 111 117 110 116] [48 46 48 48 50 52 49 52 49 54 53 49 48 48 50 49 53 53 57 50 111 107 116] {} [] 0} {[118 97 108 105 100 97 116 111 114] [101 120 118 97 108 111 112 101 114 49 117 103 113 48 54 115 101 56 101 106 113 54 107 116 99 48 56 53 119 107 54 117 102 104 52 116 110 112 104 97 119 112 115 48 55 101 113 115] {} [] 0}] {} [] 0} {rewards [{[97 109 111 117 110 116] [48 46 48 48 50 52 49 52 49 54 53 49 48 48 50 49 53 53 57 50 111 107 116] {} [] 0} {[118 97 108 105 100 97 116 111 114] [101 120 118 97 108 111 112 101 114 49 117 103 113 48 54 115 101 56 101 106 113 54 107 116 99 48 56 53 119 107 54 117 102 104 52 116 110 112 104 97 119 112 115 48 55 101 113 115] {} [] 0}] {} [] 0} {commission [{[97 109 111 117 110 116] [48 46 48 48 50 52 49 52 49 54 53 49 48 48 50 49 53 53 57 50 111 107 116] {} [] 0} {[118 97 108 105 100 97 116 111 114] [101 120 118 97 108 111 112 101 114 49 117 116 116 116 120 52 50 109 51 48 117 102 110 108 52 53 107 114 122 104 121 118 103 103 107 54 100 57 97 100 113 116 50 122 116 112 120 108] {} [] 0}] {} [] 0} {rewards [{[97 109 111 117 110 116] [48 46 48 48 50 52 49 52 49 54 53 49 48 48 50 49 53 53 57 50 111 107 116] {} [] 0} {[118 97 108 105 100 97 116 111 114] [101 120 118 97 108 111 112 101 114 49 117 116 116 116 120 52 50 109 51 48 117 102 110 108 52 53 107 114 122 104 121 118 103 103 107 54 100 57 97 100 113 116 50 122 116 112 120 108] {} [] 0}] {} [] 0} {commission [{[97 109 111 117 110 116] [48 46 48 48 50 52 49 52 49 54 53 49 48 48 50 49 53 53 57 50 111 107 116] {} [] 0} {[118 97 108 105 100 97 116 111 114] [101 120 118 97 108 111 112 101 114 49 97 103 99 50 99 118 48 113 113 118 101 117 99 102 53 108 117 120 113 104 112 113 120 120 114 57 50 99 119 106 113 106 120 103 114 110 115 54] {} [] 0}] {} [] 0} {rewards [{[97 109 111 117 110 116] [48 46 48 48 50 52 49 52 49 54 53 49 48 48 50 49 53 53 57 50 111 107 116] {} [] 0} {[118 97 108 105 100 97 116 111 114] [101 120 118 97 108 111 112 101 114 49 97 103 99 50 99 118 48 113 113 118 101 117 99 102 53 108 117 120 113 104 112 113 120 120 114 57 50 99 119 106 113 106 120 103 114 110 115 54] {} [] 0}] {} [] 0} {commission [{[97 109 111 117 110 116] [48 46 48 48 50 52 49 52 49 54 53 49 48 48 50 49 53 53 57 50 111 107 116] {} [] 0} {[118 97 108 105 100 97 116 111 114] [101 120 118 97 108 111 112 101 114 49 55 119 101 114 52 52 112 112 107 57 109 103 56 99 50 99 106 99 119 108 101 119 116 117 54 122 48 118 57 56 100 107 114 52 97 54 100 119] {} [] 0}] {} [] 0} {rewards [{[97 109 111 117 110 116] [48 46 48 48 50 52 49 52 49 54 53 49 48 48 50 49 53 53 57 50 111 107 116] {} [] 0} {[118 97 108 105 100 97 116 111 114] [101 120 118 97 108 111 112 101 114 49 55 119 101 114 52 52 112 112 107 57 109 103 56 99 50 99 106 99 119 108 101 119 116 117 54 122 48 118 57 56 100 107 114 52 97 54 100 119] {} [] 0}] {} [] 0} {commission [{[97 109 111 117 110 116] [48 46 48 48 49 50 48 55 48 56 50 57 56 57 53 49 52 49 56 48 111 107 116] {} [] 0} {[118 97 108 105 100 97 116 111 114] [101 120 118 97 108 111 112 101 114 49 108 48 117 107 112 114 108 120 97 56 97 55 117 104 48 54 106 119 107 121 118 99 50 56 112 54 113 122 51 113 110 100 55 56 115 108 121 107] {} [] 0}] {} [] 0} {rewards [{[97 109 111 117 110 116] [48 46 48 48 50 52 49 52 49 54 53 57 55 57 48 50 56 51 54 49 111 107 116] {} [] 0} {[118 97 108 105 100 97 116 111 114] [101 120 118 97 108 111 112 101 114 49 108 48 117 107 112 114 108 120 97 56 97 55 117 104 48 54 106 119 107 121 118 99 50 56 112 54 113 122 51 113 110 100 55 56 115 108 121 107] {} [] 0}] {} [] 0} {liveness [{[97 100 100 114 101 115 115] [101 120 118 97 108 99 111 110 115 49 50 102 56 99 112 108 107 48 48 108 52 109 122 101 122 115 52 99 97 122 117 100 56 57 102 113 101 109 117 113 112 109 102 52 102 106 50 53] {} [] 0} {[109 105 115 115 101 100 95 98 108 111 99 107 115] [54 54 55 57] {} [] 0} {[104 101 105 103 104 116] [50 53 55 55 48 51 51 51] {} [] 0}] {} [] 0} {liveness [{[97 100 100 114 101 115 115] [101 120 118 97 108 99 111 110 115 49 107 122 97 114 119 101 117 54 122 103 115 51 119 114 48 116 107 112 48 104 55 107 115 110 101 118 106 119 121 55 119 97 121 109 120 97 119 53] {} [] 0} {[109 105 115 115 101 100 95 98 108 111 99 107 115] [51 52 51] {} [] 0} {[104 101 105 103 104 116] [50 53 55 55 48 51 51 51] {} [] 0}] {} [] 0} {liveness [{[97 100 100 114 101 115 115] [101 120 118 97 108 99 111 110 115 49 107 119 118 54 100 119 102 103 114 100 116 50 99 48 118 110 117 116 118 99 50 109 48 53 114 113 113 108 109 108 101 99 102 52 108 107 99 121] {} [] 0} {[109 105 115 115 101 100 95 98 108 111 99 107 115] [54 54 57 55] {} [] 0} {[104 101 105 103 104 116] [50 53 55 55 48 51 51 51] {} [] 0}] {} [] 0} {liveness [{[97 100 100 114 101 115 115] [101 120 118 97 108 99 111 110 115 49 101 48 107 52 112 101 48 54 56 120 102 109 108 109 106 107 110 121 99 114 103 114 52 117 107 107 48 53 112 120 121 116 97 48 107 55 114 54] {} [] 0} {[109 105 115 115 101 100 95 98 108 111 99 107 115] [56 56 48 49] {} [] 0} {[104 101 105 103 104 116] [50 53 55 55 48 51 51 51] {} [] 0}] {} [] 0} {liveness [{[97 100 100 114 101 115 115] [101 120 118 97 108 99 111 110 115 49 121 103 121 114 107 50 119 109 108 48 113 48 50 56 50 97 50 108 101 120 120 108 113 48 103 118 103 116 53 112 113 56 99 97 55 112 117 114] {} [] 0} {[109 105 115 115 101 100 95 98 108 111 99 107 115] [56 55 53 49] {} [] 0} {[104 101 105 103 104 116] [50 53 55 55 48 51 51 51] {} [] 0}] {} [] 0}] [] [] <nil>}

Process finished with the exit code 0

